semana,1,2,3,4,5,6,7,8,9,10,11,12,13,14,15
clean_jerk_1,70.0,70.0,80.0,80.0,80.0,82.5,82.5,82.5,82.5,82.5,82.5,87.5,87.5,92.5,92.5
clean_jerk_2,77.5,77.5,80.0,85.0,85.0,85.0,85.0,87.5,87.5,87.5,87.5,92.5,92.5,97.5,97.5
clean_jerk_3,80.0,80.0,87.5,90.0,90.0,90.0,92.5,92.5,97.5,97.5,97.5,100.0,100.0,100.0,100.0
clean_jerk_4,82.5,87.5,92.5,92.5,97.5,97.5,97.5,100.0,100.0,100.0,102.5,102.5,102.5,102.5,105.0
clean_jerk_1_rep,5.0,5.0,4.0,4.0,4.0,3.0,3.0,3.0,3.0,3.0,3.0,1.0,2.0,1.0,1.0
clean_jerk_2_rep,4.0,4.0,4.0,3.0,3.0,3.0,3.0,3.0,3.0,3.0,2.0,1.0,1.0,1.0,1.0
clean_jerk_3_rep,4.0,4.0,4.0,3.0,2.0,2.0,1.0,1.0,1.0,1.0,1.0,1.0,1.0,1.0,1.0
clean_jerk_4_rep,3.0,3.0,2.0,2.0,1.0,1.0,1.0,1.0,1.0,1.0,1.0,1.0,1.0,1.0,1.0
press_militar,50.0,50.0,55.0,55.0,60.0,60.0,65.0,65.0,65.0,70.0,70.0,75.0,75.0,80.0,82.5
press_militar_rep,7.0,7.0,5.0,6.0,4.0,5.0,3.0,4.0,5.0,2.0,3.0,1.0,2.0,1.0,1.0
glute_bridge,122.5,122.5,130.0,130.0,137.5,137.5,147.5,147.5,155.0,155.0,155.0,165.0,165.0,172.5,172.5
glute_bridge_rep,7.0,7.0,5.0,6.0,4.0,5.0,3.0,4.0,5.0,2.0,3.0,1.0,2.0,1.0,1.0
pull_up,7.5,10.0,17.5,17.5,22.5,22.5,25.0,25.0,30.0,30.0,35.0,35.0,35.0,40.0,40.0
pull_up_1_rep,8.0,6.0,4.0,5.0,3.0,4.0,2.0,3.0,1.0,2.0,2.0,2.0,2.0,1.0,1.0
pull_up_2_rep,7.0,5.0,3.0,4.0,3.0,3.0,2.0,2.0,1.0,1.0,2.0,1.0,2.0,1.0,1.0
pull_up_3_rep,6.0,4.0,3.0,3.0,2.0,3.0,1.0,2.0,1.0,1.0,1.0,1.0,1.0,1.0,1.0
pull_up_3_rep,5.0,4.0,2.0,3.0,2.0,2.0,1.0,1.0,1.0,1.0,1.0,1.0,1.0,1.0,1.0
press_banca,82.5,82.5,90.0,90.0,95.0,95.0,100.0,100.0,105.0,105.0,105.0,112.5,112.5,117.5,117.5
press_banca_rep,7.0,7.0,5.0,6.0,4.0,5.0,3.0,4.0,5.0,2.0,3.0,1.0,2.0,1.0,1.0
deadlift_1,140.0,140.0,145.0,145.0,145.0,147.5,5.0,147.5,147.5,147.5,152.5,152.5,152.5,160.0,160.0
deadlift_2,147.5,150.0,147.5,147.5,147.5,152.5,152.5,152.5,155.0,155.0,157.5,165.0,165.0,170.0,170.0
deadlift_3,152.5,152.5,155.0,152.5,152.5,157.5,157.5,160.0,162.5,162.5,162.5,180.0,180.0,180.0,180.0
deadlift_4,157.5,157.5,160.0,160.0,162.5,162.5,165.0,165.0,167.5,167.5,167.5,182.5,182.5,182.5,187.5
deadlift_1_rep,4.0,4.0,4.0,4.0,4.0,4.0,4.0,4.0,4.0,4.0,3.0,1.0,2.0,1.0,1.0
deadlift_2_rep,3.0,3.0,3.0,3.0,3.0,3.0,3.0,3.0,2.0,2.0,2.0,1.0,1.0,1.0,1.0
deadlift_3_rep,2.0,2.0,2.0,2.0,2.0,2.0,2.0,2.0,2.0,2.0,2.0,1.0,1.0,1.0,1.0
deadlift_4_rep,1.0,1.0,1.0,1.0,1.0,1.0,1.0,1.0,1.0,1.0,1.0,1.0,1.0,1.0,1.0
