semana,1,2,3,4,5,6,7,8,9,10,11,12,13,14,15
roller,17.0,17.0,17.0,17.0,18.0,18.0,18.0,18.0,19.0,19.0,19.0,19.0,20.0,20.0,20.0
glute_bridge,95.0,95.0,105.0,105.0,115.0,115.0,125.0,125.0,125.0,135.0,135.0,145.0,145.0,155.0,160.0
glute_bridge_rep,7.0,7.0,5.0,6.0,4.0,5.0,3.0,4.0,5.0,2.0,3.0,1.0,2.0,1.0,1.0
clean_jerk_1,70.0,70.0,80.0,80.0,80.0,82.5,82.5,82.5,82.5,82.5,82.5,87.5,87.5,92.5,92.5
clean_jerk_2,77.5,77.5,80.0,85.0,85.0,85.0,85.0,87.5,87.5,87.5,87.5,92.5,92.5,97.5,97.5
clean_jerk_3,80.0,80.0,87.5,90.0,90.0,90.0,92.5,92.5,97.5,97.5,97.5,100.0,100.0,100.0,100.0
clean_jerk_4,82.5,87.5,92.5,92.5,97.5,97.5,97.5,100.0,100.0,100.0,102.5,102.5,102.5,102.5,105.0
clean_jerk_1_rep,5.0,5.0,4.0,4.0,4.0,3.0,3.0,3.0,3.0,3.0,3.0,1.0,2.0,1.0,1.0
clean_jerk_2_rep,4.0,4.0,4.0,3.0,3.0,3.0,3.0,3.0,3.0,3.0,2.0,1.0,1.0,1.0,1.0
clean_jerk_3_rep,4.0,4.0,4.0,3.0,2.0,2.0,1.0,1.0,1.0,1.0,1.0,1.0,1.0,1.0,1.0
clean_jerk_4_rep,3.0,3.0,2.0,2.0,1.0,1.0,1.0,1.0,1.0,1.0,1.0,1.0,1.0,1.0,1.0
press_banca,80.0,80.0,90.0,90.0,92.5,92.5,102.5,102.5,102.5,110.0,110.0,115.0,115.0,120.0,122.5
press_banca_rep,7.0,7.0,5.0,6.0,4.0,5.0,3.0,4.0,5.0,2.0,3.0,1.0,2.0,1.0,1.0
squad,87.5,87.5,95.0,95.0,105.0,105.0,112.5,112.5,112.5,120.0,120.0,132.5,132.5,140.0,142.5
squad_rep,7.0,7.0,5.0,6.0,4.0,5.0,3.0,4.0,5.0,2.0,3.0,1.0,2.0,1.0,1.0
press_militar,50.0,50.0,57.5,57.5,62.5,62.5,67.5,67.5,67.5,72.5,72.5,77.5,77.5,82.5,85.0
press_militar_rep,7.0,7.0,5.0,6.0,4.0,5.0,3.0,4.0,5.0,2.0,3.0,1.0,2.0,1.0,1.0
