semana,1,2,3,4,5,6,7,8,9,10,11,12,13,14,15
roller,13.0,13.0,13.0,13.0,14.0,14.0,14.0,14.0,15.0,15.0,15.0,15.0,16.0,16.0,16.0
glute_bridge,92.5,92.5,102.5,102.5,112.5,112.5,122.5,122.5,122.5,132.5,132.5,142.5,142.5,152.5,157.5
glute_bridge_rep,7.0,7.0,5.0,6.0,4.0,5.0,3.0,4.0,5.0,2.0,3.0,1.0,2.0,1.0,1.0
clean_jerk_1,72.5,72.5,80.0,80.0,80.0,85.0,85.0,85.0,85.0,85.0,85.0,87.5,87.5,95.0,95.0
clean_jerk_2,77.5,77.5,80.0,87.5,87.5,87.5,87.5,87.5,87.5,87.5,90.0,95.0,95.0,97.5,97.5
clean_jerk_3,80.0,80.0,87.5,90.0,90.0,90.0,95.0,95.0,97.5,97.5,97.5,102.5,102.5,102.5,102.5
clean_jerk_4,85.0,87.5,95.0,95.0,97.5,97.5,97.5,102.5,102.5,102.5,105.0,105.0,105.0,105.0,107.5
clean_jerk_1_rep,5.0,5.0,4.0,4.0,4.0,3.0,3.0,3.0,3.0,3.0,3.0,1.0,2.0,1.0,1.0
clean_jerk_2_rep,4.0,4.0,4.0,3.0,3.0,3.0,3.0,3.0,3.0,3.0,2.0,1.0,1.0,1.0,1.0
clean_jerk_3_rep,4.0,4.0,4.0,3.0,2.0,2.0,1.0,1.0,1.0,1.0,1.0,1.0,1.0,1.0,1.0
clean_jerk_4_rep,3.0,3.0,2.0,2.0,1.0,1.0,1.0,1.0,1.0,1.0,1.0,1.0,1.0,1.0,1.0
press_banca,77.5,77.5,85.0,85.0,90.0,90.0,97.5,97.5,97.5,105.0,105.0,110.0,110.0,115.0,117.5
press_banca_rep,7.0,7.0,5.0,6.0,4.0,5.0,3.0,4.0,5.0,2.0,3.0,1.0,2.0,1.0,1.0
squad,92.5,92.5,100.0,100.0,110.0,110.0,120.0,120.0,120.0,127.5,127.5,140.0,140.0,147.5,150.0
squad_rep,7.0,7.0,5.0,6.0,4.0,5.0,3.0,4.0,5.0,2.0,3.0,1.0,2.0,1.0,1.0
press_militar,50.0,50.0,55.0,55.0,60.0,60.0,65.0,65.0,65.0,70.0,70.0,75.0,75.0,80.0,82.5
press_militar_rep,7.0,7.0,5.0,6.0,4.0,5.0,3.0,4.0,5.0,2.0,3.0,1.0,2.0,1.0,1.0
