semana,1,2,3,4,5,6,7,8,9,10,11,12,13,14,15
clean_jerk_1,,,,,,,,,,,,,,,
clean_jerk_2,,,,,,,,,,,,,,,
clean_jerk_3,,,,,,,,,,,,,,,
clean_jerk_4,,,,,,,,,,,,,,,
clean_jerk_1_rep,5.0,5.0,4.0,4.0,4.0,3.0,3.0,3.0,3.0,3.0,3.0,1.0,2.0,1.0,1.0
clean_jerk_2_rep,4.0,4.0,4.0,3.0,3.0,3.0,3.0,3.0,3.0,3.0,2.0,1.0,1.0,1.0,1.0
clean_jerk_3_rep,4.0,4.0,4.0,3.0,2.0,2.0,1.0,1.0,1.0,1.0,1.0,1.0,1.0,1.0,1.0
clean_jerk_4_rep,3.0,3.0,2.0,2.0,1.0,1.0,1.0,1.0,1.0,1.0,1.0,1.0,1.0,1.0,1.0
press_militar,,,,,,,,,,,,,,,
press_militar_rep,7.0,7.0,5.0,6.0,4.0,5.0,3.0,4.0,5.0,2.0,3.0,1.0,2.0,1.0,1.0
glute_bridge,,,,,,,,,,,,,,,
glute_bridge_rep,7.0,7.0,5.0,6.0,4.0,5.0,3.0,4.0,5.0,2.0,3.0,1.0,2.0,1.0,1.0
pull_up,,,,,,,,,,,,,,,
pull_up_1_rep,8.0,6.0,4.0,5.0,3.0,4.0,2.0,3.0,1.0,2.0,2.0,2.0,2.0,1.0,1.0
pull_up_2_rep,7.0,5.0,3.0,4.0,3.0,3.0,2.0,2.0,1.0,1.0,2.0,1.0,2.0,1.0,1.0
pull_up_3_rep,6.0,4.0,3.0,3.0,2.0,3.0,1.0,2.0,1.0,1.0,1.0,1.0,1.0,1.0,1.0
pull_up_3_rep,5.0,4.0,2.0,3.0,2.0,2.0,1.0,1.0,1.0,1.0,1.0,1.0,1.0,1.0,1.0
press_banca,,,,,,,,,,,,,,,
press_banca_rep,7.0,7.0,5.0,6.0,4.0,5.0,3.0,4.0,5.0,2.0,3.0,1.0,2.0,1.0,1.0
deadlift_1,,,,,,,,,,,,,,,
deadlift_2,,,,,,,,,,,,,,,
deadlift_3,,,,,,,,,,,,,,,
deadlift_4,,,,,,,,,,,,,,,
deadlift_1_rep,4.0,4.0,4.0,4.0,4.0,4.0,4.0,4.0,4.0,4.0,3.0,1.0,2.0,1.0,1.0
deadlift_2_rep,3.0,3.0,3.0,3.0,3.0,3.0,3.0,3.0,2.0,2.0,2.0,1.0,1.0,1.0,1.0
deadlift_3_rep,2.0,2.0,2.0,2.0,2.0,2.0,2.0,2.0,2.0,2.0,2.0,1.0,1.0,1.0,1.0
deadlift_4_rep,1.0,1.0,1.0,1.0,1.0,1.0,1.0,1.0,1.0,1.0,1.0,1.0,1.0,1.0,1.0
