,1,2,3,4,5,6,7,8,9,10,11,12,13,14,15
snatch_1,47.5,47.5,55.0,55.0,55.0,57.5,57.5,57.5,57.5,57.5,57.5,60.0,60.0,62.5,62.5
snatch_2,52.5,52.5,55.0,57.5,57.5,57.5,57.5,60.0,60.0,60.0,60.0,62.5,62.5,65.0,65.0
snatch_3,55.0,55.0,60.0,60.0,60.0,60.0,62.5,62.5,65.0,65.0,65.0,67.5,67.5,67.5,67.5
snatch_4,57.5,60.0,62.5,62.5,65.0,65.0,65.0,67.5,67.5,67.5,70.0,70.0,70.0,70.0,72.5
snatch_1_rep,5.0,5.0,4.0,4.0,4.0,3.0,3.0,3.0,3.0,3.0,3.0,1.0,2.0,1.0,1.0
snatch_2_rep,4.0,4.0,4.0,3.0,3.0,3.0,3.0,3.0,3.0,3.0,2.0,1.0,1.0,1.0,1.0
snatch_3_rep,4.0,4.0,4.0,3.0,2.0,2.0,1.0,1.0,1.0,1.0,1.0,1.0,1.0,1.0,1.0
snatch_4_rep,3.0,3.0,2.0,2.0,1.0,1.0,1.0,1.0,1.0,1.0,1.0,1.0,1.0,1.0,1.0
muscle_up_1,3.0,3.0,3.0,3.0,4.0,4.0,4.0,4.0,4.0,4.0,5.0,5.0,6.0,6.0,6.0
muscle_up_2,2.0,2.0,2.0,3.0,3.0,3.0,3.0,3.0,3.0,3.0,4.0,5.0,5.0,5.0,5.0
muscle_up_3,2.0,2.0,2.0,2.0,2.0,2.0,2.0,2.0,3.0,3.0,3.0,3.0,3.0,3.0,3.0
muscle_up_4,1.0,1.0,1.0,1.0,1.0,1.0,1.0,2.0,2.0,2.0,3.0,3.0,3.0,3.0,3.0
curl_nordico,2.5,2.5,2.5,2.5,5.0,5.0,5.0,5.0,5.0,5.0,5.0,5.0,5.0,5.0,5.0
curl_nordico_rep,11.0,11.0,11.0,11.0,5.0,5.0,5.0,5.0,6.0,6.0,6.0,6.0,7.0,7.0,7.0
squad,87.5,87.5,95.0,95.0,100.0,100.0,105.0,105.0,112.5,112.5,112.5,120.0,120.0,125.0,125.0
squad_rep,7.0,7.0,5.0,6.0,4.0,5.0,3.0,4.0,5.0,2.0,3.0,1.0,2.0,1.0,1.0
