,1,2,3,4,5,6,7,8,9,10,11,12,13,14,15
roller_b,17.0,17.0,17.0,17.0,18.0,18.0,18.0,18.0,19.0,19.0,19.0,19.0,20.0,20.0,20.0
curl_nordico,2.5,2.5,2.5,2.5,2.5,2.5,2.5,2.5,2.5,2.5,2.5,2.5,2.5,2.5,2.5
curl_nordico_rep,8.0,8.0,8.0,8.0,9.0,9.0,9.0,9.0,10.0,10.0,10.0,10.0,11.0,11.0,11.0
snatch_1,50.0,50.0,57.5,57.5,57.5,60.0,60.0,60.0,60.0,60.0,60.0,62.5,62.5,67.5,67.5
snatch_2,55.0,55.0,57.5,62.5,62.5,62.5,62.5,62.5,62.5,62.5,65.0,67.5,67.5,70.0,70.0
snatch_3,57.5,57.5,62.5,65.0,65.0,65.0,67.5,67.5,70.0,70.0,70.0,72.5,72.5,72.5,72.5
snatch_4,60.0,62.5,67.5,67.5,70.0,70.0,70.0,72.5,72.5,72.5,75.0,75.0,75.0,75.0,77.5
snatch_1_rep,5.0,5.0,4.0,4.0,4.0,3.0,3.0,3.0,3.0,3.0,3.0,1.0,2.0,1.0,1.0
snatch_2_rep,4.0,4.0,4.0,3.0,3.0,3.0,3.0,3.0,3.0,3.0,2.0,1.0,1.0,1.0,1.0
snatch_3_rep,4.0,4.0,4.0,3.0,2.0,2.0,1.0,1.0,1.0,1.0,1.0,1.0,1.0,1.0,1.0
snatch_4_rep,3.0,3.0,2.0,2.0,1.0,1.0,1.0,1.0,1.0,1.0,1.0,1.0,1.0,1.0,1.0
muscle_up_1,16.0,16.0,16.0,16.0,17.0,17.0,17.0,17.0,17.0,17.0,18.0,18.0,19.0,19.0,19.0
muscle_up_2,16.0,16.0,16.0,17.0,17.0,17.0,17.0,17.0,17.0,17.0,18.0,19.0,19.0,19.0,19.0
muscle_up_3,9.0,9.0,9.0,9.0,9.0,9.0,9.0,9.0,10.0,10.0,10.0,10.0,10.0,10.0,10.0
muscle_up_4,9.0,9.0,9.0,9.0,9.0,9.0,9.0,10.0,10.0,10.0,11.0,11.0,11.0,11.0,11.0
deadlift_1,137.5,137.5,142.5,142.5,142.5,145.0,2.5,145.0,145.0,145.0,150.0,150.0,150.0,157.5,157.5
deadlift_2,145.0,147.5,145.0,145.0,145.0,150.0,150.0,150.0,152.5,152.5,155.0,162.5,162.5,167.5,167.5
deadlift_3,150.0,150.0,152.5,150.0,150.0,155.0,155.0,157.5,160.0,160.0,160.0,177.5,177.5,177.5,177.5
deadlift_4,155.0,155.0,157.5,157.5,160.0,160.0,162.5,162.5,165.0,165.0,165.0,180.0,180.0,180.0,185.0
deadlift_1_rep,4.0,4.0,4.0,4.0,4.0,4.0,4.0,4.0,4.0,4.0,3.0,1.0,2.0,1.0,1.0
deadlift_2_rep,3.0,3.0,3.0,3.0,3.0,3.0,3.0,3.0,2.0,2.0,2.0,1.0,1.0,1.0,1.0
deadlift_3_rep,2.0,2.0,2.0,2.0,2.0,2.0,2.0,2.0,2.0,2.0,2.0,1.0,1.0,1.0,1.0
deadlift_4_rep,1.0,1.0,1.0,1.0,1.0,1.0,1.0,1.0,1.0,1.0,1.0,1.0,1.0,1.0,1.0
pull_up,5.0,10.0,15.0,15.0,20.0,20.0,25.0,25.0,27.5,27.5,32.5,32.5,32.5,37.5,37.5
pull_up_1_rep,8.0,6.0,4.0,5.0,3.0,4.0,2.0,3.0,1.0,2.0,2.0,2.0,2.0,1.0,1.0
pull_up_2_rep,7.0,5.0,3.0,4.0,3.0,3.0,2.0,2.0,1.0,1.0,2.0,1.0,2.0,1.0,1.0
pull_up_3_rep,6.0,4.0,3.0,3.0,2.0,3.0,1.0,2.0,1.0,1.0,1.0,1.0,1.0,1.0,1.0
pull_up_3_rep,5.0,4.0,2.0,3.0,2.0,2.0,1.0,1.0,1.0,1.0,1.0,1.0,1.0,1.0,1.0
