,1,2,3,4,5,6,7,8,9,10,11,12,13,14,15
snatch_1,,,,,,,,,,,,,,,
snatch_2,,,,,,,,,,,,,,,
snatch_3,,,,,,,,,,,,,,,
snatch_4,,,,,,,,,,,,,,,
snatch_1_rep,5.0,5.0,4.0,4.0,4.0,3.0,3.0,3.0,3.0,3.0,3.0,1.0,2.0,1.0,1.0
snatch_2_rep,4.0,4.0,4.0,3.0,3.0,3.0,3.0,3.0,3.0,3.0,2.0,1.0,1.0,1.0,1.0
snatch_3_rep,4.0,4.0,4.0,3.0,2.0,2.0,1.0,1.0,1.0,1.0,1.0,1.0,1.0,1.0,1.0
snatch_4_rep,3.0,3.0,2.0,2.0,1.0,1.0,1.0,1.0,1.0,1.0,1.0,1.0,1.0,1.0,1.0
muscle_up_1,,,,,,,,,,,,,,,
muscle_up_2,,,,,,,,,,,,,,,
muscle_up_3,,,,,,,,,,,,,,,
muscle_up_4,,,,,,,,,,,,,,,
curl_nordico,,,,,,,,,,,,,,,
curl_nordico_rep,5.0,5.0,5.0,5.0,6.0,6.0,6.0,6.0,7.0,7.0,7.0,7.0,8.0,8.0,8.0
squad,,,,,,,,,,,,,,,
squad_rep,7.0,7.0,5.0,6.0,4.0,5.0,3.0,4.0,5.0,2.0,3.0,1.0,2.0,1.0,1.0
