,1,2,3,4,5,6,7,8,9,10,11,12,13,14,15
roller_b,8.0,8.0,8.0,8.0,9.0,9.0,9.0,9.0,10.0,10.0,10.0,10.0,11.0,11.0,11.0
curl_nordico,2.5,2.5,2.5,2.5,2.5,2.5,2.5,2.5,2.5,2.5,2.5,2.5,2.5,2.5,2.5
curl_nordico_rep,5.0,5.0,5.0,5.0,6.0,6.0,6.0,6.0,7.0,7.0,7.0,7.0,8.0,8.0,8.0
snatch_1,52.5,52.5,60.0,60.0,60.0,62.5,62.5,62.5,62.5,62.5,62.5,65.0,65.0,70.0,70.0
snatch_2,57.5,57.5,60.0,65.0,65.0,65.0,65.0,65.0,65.0,65.0,67.5,70.0,70.0,72.5,72.5
snatch_3,60.0,60.0,65.0,67.5,67.5,67.5,70.0,70.0,72.5,72.5,72.5,75.0,75.0,75.0,75.0
snatch_4,62.5,65.0,70.0,70.0,72.5,72.5,72.5,75.0,75.0,75.0,77.5,77.5,77.5,77.5,80.0
snatch_1_rep,5.0,5.0,4.0,4.0,4.0,3.0,3.0,3.0,3.0,3.0,3.0,1.0,2.0,1.0,1.0
snatch_2_rep,4.0,4.0,4.0,3.0,3.0,3.0,3.0,3.0,3.0,3.0,2.0,1.0,1.0,1.0,1.0
snatch_3_rep,4.0,4.0,4.0,3.0,2.0,2.0,1.0,1.0,1.0,1.0,1.0,1.0,1.0,1.0,1.0
snatch_4_rep,3.0,3.0,2.0,2.0,1.0,1.0,1.0,1.0,1.0,1.0,1.0,1.0,1.0,1.0,1.0
muscle_up_1,13.0,13.0,13.0,13.0,14.0,14.0,14.0,14.0,14.0,14.0,15.0,15.0,16.0,16.0,16.0
muscle_up_2,13.0,13.0,13.0,14.0,14.0,14.0,14.0,14.0,14.0,14.0,15.0,16.0,16.0,16.0,16.0
muscle_up_3,8.0,8.0,8.0,8.0,8.0,8.0,8.0,8.0,9.0,9.0,9.0,9.0,9.0,9.0,9.0
muscle_up_4,7.0,7.0,7.0,7.0,7.0,7.0,7.0,8.0,8.0,8.0,9.0,9.0,9.0,9.0,9.0
deadlift_1,137.5,137.5,140.0,140.0,140.0,142.5,2.5,142.5,142.5,142.5,147.5,147.5,147.5,155.0,155.0
deadlift_2,142.5,145.0,145.0,145.0,145.0,147.5,147.5,147.5,150.0,150.0,152.5,160.0,160.0,165.0,165.0
deadlift_3,147.5,147.5,150.0,150.0,150.0,152.5,152.5,155.0,157.5,157.5,157.5,175.0,175.0,175.0,175.0
deadlift_4,152.5,152.5,155.0,155.0,157.5,157.5,160.0,160.0,162.5,162.5,162.5,177.5,177.5,177.5,182.5
deadlift_1_rep,4.0,4.0,4.0,4.0,4.0,4.0,4.0,4.0,4.0,4.0,3.0,1.0,2.0,1.0,1.0
deadlift_2_rep,3.0,3.0,3.0,3.0,3.0,3.0,3.0,3.0,2.0,2.0,2.0,1.0,1.0,1.0,1.0
deadlift_3_rep,2.0,2.0,2.0,2.0,2.0,2.0,2.0,2.0,2.0,2.0,2.0,1.0,1.0,1.0,1.0
deadlift_4_rep,1.0,1.0,1.0,1.0,1.0,1.0,1.0,1.0,1.0,1.0,1.0,1.0,1.0,1.0,1.0
pull_up,5.0,10.0,15.0,15.0,20.0,20.0,27.5,27.5,32.5,32.5,37.5,37.5,37.5,42.5,42.5
pull_up_1_rep,8.0,6.0,4.0,5.0,3.0,4.0,2.0,3.0,1.0,2.0,2.0,2.0,2.0,1.0,1.0
pull_up_2_rep,7.0,5.0,3.0,4.0,3.0,3.0,2.0,2.0,1.0,1.0,2.0,1.0,2.0,1.0,1.0
pull_up_3_rep,6.0,4.0,3.0,3.0,2.0,3.0,1.0,2.0,1.0,1.0,1.0,1.0,1.0,1.0,1.0
pull_up_3_rep,5.0,4.0,2.0,3.0,2.0,2.0,1.0,1.0,1.0,1.0,1.0,1.0,1.0,1.0,1.0
