0.000000000000000000e+00,0.000000000000000000e+00,0.000000000000000000e+00,0.000000000000000000e+00,0.000000000000000000e+00,0.000000000000000000e+00,0.000000000000000000e+00,0.000000000000000000e+00,0.000000000000000000e+00,0.000000000000000000e+00,0.000000000000000000e+00,0.000000000000000000e+00,0.000000000000000000e+00,0.000000000000000000e+00,0.000000000000000000e+00,0.000000000000000000e+00,0.000000000000000000e+00,0.000000000000000000e+00,0.000000000000000000e+00,0.000000000000000000e+00,0.000000000000000000e+00,0.000000000000000000e+00,0.000000000000000000e+00,0.000000000000000000e+00,0.000000000000000000e+00,0.000000000000000000e+00,0.000000000000000000e+00,0.000000000000000000e+00,0.000000000000000000e+00,0.000000000000000000e+00,0.000000000000000000e+00,0.000000000000000000e+00,0.000000000000000000e+00,0.000000000000000000e+00,0.000000000000000000e+00,0.000000000000000000e+00,0.000000000000000000e+00,0.000000000000000000e+00,0.000000000000000000e+00,0.000000000000000000e+00,0.000000000000000000e+00,0.000000000000000000e+00,0.000000000000000000e+00,0.000000000000000000e+00,0.000000000000000000e+00,0.000000000000000000e+00,0.000000000000000000e+00,0.000000000000000000e+00,0.000000000000000000e+00,0.000000000000000000e+00
0.000000000000000000e+00,2.158394109262285476e-01,2.015141060382605598e-01,1.460407611818715923e-01,1.009443363520678427e-01,7.024148025476702195e-02,5.020435491321779964e-02,3.708462894174428121e-02,2.827122118673075502e-02,2.214377238152337793e-02,1.773168498972196513e-02,1.445155977268627878e-02,1.194463896012431560e-02,9.983259494088634126e-03,8.418016599516841073e-03,7.147660192022527344e-03,6.101561400701472140e-03,5.229177638518903333e-03,4.493531653983636603e-03,3.867032982806118020e-03,3.328740522031254333e-03,2.862506554013879816e-03,2.455709152664475609e-03,2.098350703254226682e-03,1.782425716935456339e-03,1.501450346481444540e-03,1.250128314600511964e-03,1.024089545529380512e-03,8.197051914808758596e-04,6.339341130971820702e-04,4.642170247915952132e-04,3.083823953388666267e-04,1.645857239093908165e-04,3.125150836727610742e-05,-9.295816152863661710e-05,-2.091746451727258586e-04,-3.183276138934967772e-04,-4.211436086384130143e-04,-5.181076703267458979e-04,-6.093952284182100080e-04,-6.947297421759352333e-04,-7.731448727158410231e-04,-8.425650907180105582e-04,-8.990973611453683453e-04,-9.358305447728764576e-04,-9.408639065709490691e-04,-8.931326006044135743e-04,-7.533824962335512439e-04,-4.678453593811316151e-04,0.000000000000000000e+00
0.000000000000000000e+00,3.669101926851099371e-01,3.731402083156099003e-01,2.951713599650298003e-01,2.205518419048551337e-01,1.635633004794707912e-01,1.228337112839820028e-01,9.417031908600818901e-02,7.380700005041210265e-02,5.904368932365576528e-02,4.808378428466654475e-02,3.975441363728614980e-02,3.328592873182875667e-02,2.816481476459016531e-02,2.404101290049389522e-02,2.067042759259513085e-02,1.787908255781148897e-02,1.554042891282546128e-02,1.356068671935673452e-02,1.186917265557662152e-02,1.041178143128342407e-02,9.146508318879531529e-03,8.040316778878340773e-03,7.066913489508832961e-03,6.205142272113332164e-03,5.437810763320871307e-03,4.750819794662014019e-03,4.132511574205686641e-03,3.573173811389542161e-03,3.064660918453039617e-03,2.600100101402769582e-03,2.173664631458937721e-03,1.780397115551656971e-03,1.416075872055411536e-03,1.077115903834493377e-03,7.605051433825139482e-04,4.637759973369019587e-04,1.850234291640604433e-04,-7.701512054287049233e-05,-3.227854808509305999e-04,-5.516027065993610486e-04,-7.611252219879791883e-04,-9.465184875241788301e-04,-1.099161624350395361e-03,-1.204759469931263082e-03,-1.240904895505599501e-03,-1.173259709817224593e-03,-9.489210504453381503e-04,-5.239059825427127377e-04,0.000000000000000000e+00
0.000000000000000000e+00,3.778563670489462623e-01,4.550817225961158452e-01,4.131630851851406661e-01,3.428528745229704744e-01,2.751209545410742141e-01,2.190629845030426515e-01,1.753054430906888506e-01,1.417837000774280765e-01,1.161031933418666257e-01,9.625361383712995045e-02,8.071299715986679502e-02,6.837348265213498422e-02,5.843795949872801487e-02,5.033174816322780881e-02,4.363687575800956342e-02,3.804569022251320931e-02,3.332873599103521045e-02,2.931256707919591489e-02,2.586434044250667322e-02,2.288101797163513695e-02,2.028171485691732112e-02,1.800221541805488781e-02,1.599099679977955893e-02,1.420631356434967976e-02,1.261403576817394373e-02,1.118602843347824179e-02,9.898923323567050334e-03,8.733178983850843971e-03,7.672354560966039398e-03,6.702545447862130051e-03,5.811943054207205535e-03,4.990493135671262778e-03,4.229634554776715363e-03,3.522108400882641675e-03,2.861833311024719259e-03,2.243851719535563775e-03,1.664361138783764914e-03,1.120859124084523130e-03,6.124470978424869467e-04,1.403583059256301928e-04,-2.912103077533699600e-04,-6.738830175973197726e-04,-9.934673274742393968e-04,-1.228026502449495322e-03,-1.346363936327335271e-03,-1.307891371604611710e-03,-1.064759221080144400e-03,-5.931839797586558813e-04,0.000000000000000000e+00
0.000000000000000000e+00,3.466410431601613107e-01,4.732991860224484149e-01,4.773249385782967757e-01,4.308388370541536561e-01,3.697169422374310122e-01,3.103479143230859494e-01,2.587364034773833588e-01,2.159652834989289616e-01,1.812077575792305772e-01,1.531102945229939338e-01,1.303432332013078621e-01,1.117787123545959244e-01,9.651654815295980516e-02,8.385708420580915978e-02,7.326185801080943583e-02,6.431688523738710028e-02,5.670265283822167185e-02,5.017093533753857332e-02,4.452733381891375852e-02,3.961826451473494937e-02,3.532129094987492002e-02,3.153792929824632274e-02,2.818827227337132244e-02,2.520694818794403519e-02,2.254006237667003851e-02,2.014286367349725840e-02,1.797794944711776643e-02,1.601387335167318501e-02,1.422405782788873502e-02,1.258594005306938948e-02,1.108030056624895524e-02,9.690738115198259742e-03,8.403266356747943200e-03,7.206017255695178897e-03,6.089046014797348978e-03,5.044242525058883521e-03,4.065368026582795620e-03,3.148251584162921075e-03,2.291199761996215532e-03,1.495687383729092440e-03,7.673957890455402036e-04,1.176196641451801898e-04,-4.350651388293893325e-04,-8.632938113980746005e-04,-1.130751173063710433e-03,-1.195251147360036972e-03,-1.016054743561933772e-03,-5.826593764609438184e-04,0.000000000000000000e+00
0.000000000000000000e+00,3.030675804178726840e-01,4.542480170636645775e-01,4.974353651896010198e-01,4.812081918305029515e-01,4.375221018091333125e-01,3.851300918585997546e-01,3.336567514928886480e-01,2.872076813805162776e-01,2.469869572133832347e-01,2.128474661412166902e-01,1.841101236511173689e-01,1.599610560699489259e-01,1.396246259732445150e-01,1.224257560855282895e-01,1.078017377475165295e-01,9.529341559826594310e-02,8.452973108899278221e-02,7.521170072652337557e-02,6.709815224071007111e-02,5.999385333616888416e-02,5.373996481446873669e-02,4.820650122884785616e-02,4.328643057905602609e-02,3.889107280433122538e-02,3.494650982058360167e-02,3.139077671678899839e-02,2.817165385528697108e-02,2.524492232685702012e-02,2.257297859883295940e-02,2.012373119283454234e-02,1.786972227169180902e-02,1.578743341737336159e-02,1.385674718022827760e-02,1.206054747817503214e-02,1.038445230210812212e-02,8.816684720050349186e-03,7.348102318311581539e-03,5.972422702006399860e-03,4.686699175957945163e-03,3.492109412095013680e-03,2.395100612399555812e-03,1.408854341736717015e-03,5.548434095967679208e-04,-1.361306669538514807e-04,-6.248404060720777519e-04,-8.686536540475534680e-04,-8.310303369406823494e-04,-5.069982719005814093e-04,0.000000000000000000e+00
0.000000000000000000e+00,2.594349176782024813e-01,4.172844341259061007e-01,4.877237980870509082e-01,4.995643776909064471e-01,4.772593422079406955e-01,4.382054533042517019e-01,3.933097976314570698e-01,3.486428275425381140e-01,3.071685290903669596e-01,2.700450242475564422e-01,2.374665845315270252e-01,2.091634374159921650e-01,1.846785276980712764e-01,1.635106124251625992e-01,1.451820847591673569e-01,1.292665707082810700e-01,1.153961861130191752e-01,1.032592693413405954e-01,9.259424228100686383e-02,8.318241778518957463e-02,7.484106286210058523e-02,6.741724731393343439e-02,6.078262179756153266e-02,5.482909010038060360e-02,4.946526894616983666e-02,4.461360953479148739e-02,4.020806158455091789e-02,3.619217644897368413e-02,3.251756516144639619e-02,2.914264481590607414e-02,2.603162283620923459e-02,2.315368155240424275e-02,2.048233724622813487e-02,1.799495773919527336e-02,1.567243349036932798e-02,1.349900876877882863e-02,1.146229422518227868e-02,9.553498223593774250e-03,7.767929384688261954e-03,6.105825601780794087e-03,4.573535488192683428e-03,3.184978374135688777e-03,1.963091661362495726e-03,9.405738052578326317e-04,1.584487586140407515e-04,-3.397651646360958367e-04,-5.181685476820602427e-04,-3.714993790112401054e-04,0.000000000000000000e+00
0.000000000000000000e+00,2.205035359263549377e-01,3.741877054815115344e-01,4.605439137000430505e-01,4.944810711655668323e-01,4.927600986373867342e-01,4.695459719384191266e-01,4.351995373044986182e-01,3.965227413771528764e-01,3.575934925006106768e-01,3.206298842716651665e-01,2.866761582541958453e-01,2.560837096472495800e-01,2.288228114236572630e-01,2.046730834422563761e-01,1.833341093958404666e-01,1.644863496667283154e-01,1.478224210904803548e-01,1.330613810177790068e-01,1.199536640240051744e-01,1.082811557738898589e-01,9.785495483314056442e-02,8.851222412572250231e-02,8.011286581733133294e-02,7.253637549180105837e-02,6.567902348872516061e-02,5.945140296850602579e-02,5.377633148106287370e-02,4.858707174767868536e-02,4.382583183046154934e-02,3.944250790922314287e-02,3.539363846919538897e-02,3.164154600587663901e-02,2.815364913336907554e-02,2.490193574919009889e-02,2.186259597651748002e-02,1.901582427335607103e-02,1.634581275463942857e-02,1.384097306286517955e-02,1.149443699241296628e-02,9.304887483567034906e-03,7.277739323813966175e-03,5.426587054976088863e-03,3.774618927825576335e-03,2.355308131135118357e-03,1.210947187663397170e-03,3.868131983935125130e-04,-7.882933773652417257e-05,-1.762681904622889664e-04,0.000000000000000000e+00
0.000000000000000000e+00,1.873996310651840913e-01,3.312434417568934641e-01,4.247698789956025900e-01,4.741183372399858098e-01,4.896994419690400280e-01,4.820034936994561092e-01,4.598179281690748521e-01,4.296996607327637774e-01,3.961460125494384310e-01,3.620282160094694945e-01,3.290474003594532904e-01,2.981166089898976690e-01,2.696461758274464882e-01,2.437419975717908249e-01,2.203363156255604416e-01,1.992704439785977777e-01,1.803451163845565530e-01,1.633498745860821888e-01,1.480793284596497728e-01,1.343414381690279658e-01,1.219611012429651642e-01,1.107810820302024685e-01,1.006615165513524979e-01,9.147871829983907077e-02,8.312369863902895062e-02,7.550062774479972261e-02,6.852535319772939948e-02,6.212403184210132934e-02,5.623189825269486741e-02,5.079217677148913090e-02,4.575513744419645867e-02,4.107729389948791554e-02,3.672074227591820561e-02,3.265264276533005883e-02,2.884485042753909267e-02,2.527370913676010161e-02,2.192003344297495729e-02,1.876931621891565760e-02,1.581221277117166035e-02,1.304535436805383947e-02,1.047251706164829474e-02,8.106079175721103008e-03,5.968497950156542546e-03,4.093171470320319631e-03,2.523333681327626695e-03,1.306755846762555195e-03,4.862554223627293167e-04,7.910306023884406909e-05,0.000000000000000000e+00
0.000000000000000000e+00,1.598378770886380584e-01,2.914318735449330511e-01,3.861059264012374759e-01,4.449403695464427266e-01,4.737005684260702232e-01,4.795576883947514357e-01,4.693694731734023295e-01,4.488566746809677377e-01,4.223824596251256613e-01,3.930582432811600690e-01,3.629779055246518116e-01,3.334708305689242924e-01,3.053236131967809741e-01,2.789544864185488637e-01,2.545415917356203539e-01,2.321129293434371077e-01,2.116071691232691565e-01,1.929135143155275012e-01,1.758970939866612848e-01,1.604146587073438102e-01,1.463239396992542518e-01,1.334889582375337336e-01,1.217828003111683238e-01,1.110888384200408863e-01,1.013010244542076888e-01,9.232364417357405428e-02,8.407077460455876505e-02,7.646559312175250922e-02,6.943963018832478851e-02,6.293202409373818695e-02,5.688881578374004044e-02,5.126231042034219698e-02,4.601052556986298669e-02,4.109674322982670436e-02,3.648918300546968169e-02,3.216081777208961573e-02,2.808936081302091520e-02,2.425746528757223922e-02,2.065318965530318560e-02,1.727078929534806365e-02,1.411187686452294344e-02,1.118691933855230775e-02,8.516860938755966420e-03,6.134324313742656014e-03,4.083139897126837614e-03,2.413948451090829148e-03,1.175498377700564265e-03,3.949263409977470541e-04,0.000000000000000000e+00
0.000000000000000000e+00,1.370680722554893094e-01,2.558888057312677655e-01,3.479106025217224563e-01,4.115696054287130146e-01,4.495088289957035466e-01,4.662497276903210808e-01,4.667894910464479574e-01,4.557629465539914104e-01,4.370477804399275912e-01,4.136664066193216360e-01,3.878490119853519880e-01,3.611652548940594842e-01,3.346702240156168018e-01,3.090372541558109032e-01,2.846670666347704826e-01,2.617719135053748203e-01,2.404376439031910284e-01,2.206680071666743959e-01,2.024154745365626951e-01,1.856022319195099746e-01,1.701342132908850724e-01,1.559103129219179817e-01,1.428283118102673110e-01,1.307885908021742538e-01,1.196963649532006707e-01,1.094629353771085500e-01,1.000062921724711867e-01,9.125129310455933063e-02,8.312957148755280301e-02,7.557928007515897495e-02,6.854474760734187433e-02,6.197610451701993789e-02,5.582892119112112250e-02,5.006389358294985326e-02,4.464660677706375203e-02,3.954740693502963728e-02,3.474141707307659699e-02,3.020874215773549157e-02,2.593492311887023519e-02,2.191171124056138370e-02,1.813822954034849735e-02,1.462253474696153729e-02,1.138344429106902776e-02,8.452185058147048888e-03,5.872731849907037935e-03,3.698561659715596337e-03,1.984996037752691754e-03,7.706064513883643637e-04,0.000000000000000000e+00
0.000000000000000000e+00,1.182698695106975256e-01,2.247948886155876347e-01,3.119781348230136753e-01,3.770713212575746986e-01,4.207651139814385099e-01,4.456329006737637655e-01,4.550895340628722807e-01,4.526700003616951351e-01,4.416000356439246932e-01,4.245976638234089662e-01,4.038256780443622573e-01,3.809290812969161055e-01,3.571114201686562128e-01,3.332214302535269068e-01,3.098345229771271025e-01,2.873222992670703690e-01,2.659083592139514507e-01,2.457112948128341579e-01,2.267768432301731363e-01,2.091014159770931691e-01,1.926490392671680596e-01,1.773633990471908117e-01,1.631763168390356067e-01,1.500136539857248597e-01,1.377993744489589278e-01,1.264582918874615491e-01,1.159178768085449562e-01,1.061093932721934863e-01,9.696856045305754512e-02,8.843588327866491738e-02,8.045676071702034804e-02,7.298145524577115406e-02,6.596498890310512064e-02,5.936701854678206464e-02,5.315173455085655391e-02,4.728782370732807772e-02,4.174853920711442401e-02,3.651192950800305481e-02,3.156129325293158955e-02,2.688594560735872371e-02,2.248239009538676239e-02,1.835596079959687932e-02,1.452288243843716242e-02,1.101242041871665703e-02,7.868122723251276540e-03,5.145892065117110489e-03,2.907609248898875703e-03,1.204087722208244983e-03,0.000000000000000000e+00
0.000000000000000000e+00,1.027010439096660011e-01,1.978799077367141557e-01,2.791287385637775120e-01,3.433412974768661474e-01,3.900782295752945883e-01,4.205697397513702973e-01,4.369902228495619601e-01,4.418932357931887323e-01,4.378213968074308737e-01,4.270786294792884852e-01,4.116244467753347736e-01,3.930489600482248158e-01,3.725950302439498540e-01,3.512033754185548418e-01,3.295650235899943992e-01,3.081721515054728910e-01,2.873629344599594737e-01,2.673588894649268077e-01,2.482947919352835042e-01,2.302420121456896784e-01,2.132263827489735142e-01,1.972417014409489633e-01,1.822598394920290632e-01,1.682382524739818863e-01,1.551255193753899586e-01,1.428653902741542914e-01,1.313997066468157171e-01,1.206704703219236008e-01,1.106212722310063457e-01,1.011982447707004407e-01,9.235066685353388038e-02,8.403132465610978208e-02,7.619671112784805189e-02,6.880713202459619315e-02,6.182677524095971100e-02,5.522379405397407487e-02,4.897045490692792519e-02,4.304340827823217169e-02,3.742415815246341593e-02,3.209982992998623025e-02,2.706435899039229265e-02,2.232021670933659677e-02,1.788070669470806159e-02,1.377262419489442245e-02,1.003843017106344215e-02,6.735733891329897735e-03,3.932389000683742669e-03,1.691462364616125183e-03,0.000000000000000000e+00
0.000000000000000000e+00,8.973867359031910407e-02,1.746934673850657760e-01,2.496100746179635843e-01,3.114583306653920802e-01,3.592112137980551512e-01,3.932254598199376172e-01,4.147602037827919363e-01,4.255611957251567712e-01,4.275395465074979806e-01,4.225557980527040458e-01,4.122936078802161841e-01,3.982003004152205872e-01,3.814725056286982219e-01,3.630689791452056392e-01,3.437374432618094944e-01,3.240466764479063566e-01,3.044185609194169362e-01,2.851572851383186169e-01,2.664745221168223210e-01,2.485103703598442459e-01,2.313503538387471359e-01,2.150389963134144433e-01,1.995905353606292620e-01,1.849973048202223080e-01,1.712362421414972968e-01,1.582738980761618230e-01,1.460702544768832378e-01,1.345815966025354915e-01,1.237626396052411148e-01,1.135680725935328955e-01,1.039536553873003089e-01,9.487698032479456589e-02,8.629799286136564940e-02,7.817934926704403487e-02,7.048667781613371375e-02,6.318880223130955709e-02,5.625798485227813395e-02,4.967025432718769756e-02,4.340590122658374850e-02,3.745025496267954945e-02,3.179489058738670798e-02,2.643943151614932055e-02,2.139406383487692936e-02,1.668267700303224799e-02,1.234594477620302132e-02,8.442240678209336074e-03,5.044326439243142744e-03,2.226734975675562656e-03,0.000000000000000000e+00
0.000000000000000000e+00,7.887771151494880895e-02,1.547426761185474453e-01,2.233536706070441136e-01,2.819598719955399568e-01,3.292854867645758077e-01,3.651544095633877940e-01,3.901839595554285611e-01,4.054927997867575629e-01,4.124527296313901803e-01,4.125038543906314192e-01,4.070308616838228533e-01,3.972898608735986326e-01,3.843731667526066875e-01,3.692001049358717424e-01,3.525240061101371780e-01,3.349480495946930980e-01,3.169449226002583053e-01,2.988771246824167283e-01,2.810161150125534690e-01,2.635594260027072644e-01,2.466454444127973711e-01,2.303658888487891132e-01,2.147761750820437465e-01,1.999039230256518807e-01,1.857558666858384888e-01,1.723234103703404907e-01,1.595870474585779908e-01,1.475198309575750932e-01,1.360900608279894397e-01,1.252633325461659508e-01,1.150040734690603028e-01,1.052766778036630380e-01,9.604633634199985504e-02,8.727964403918520020e-02,7.894505722907114997e-02,7.101326471130806062e-02,6.345753503326607980e-02,5.625410971971777502e-02,4.938273217019598788e-02,4.282743712558020194e-02,3.657777206481763882e-02,3.063066082413394911e-02,2.499310211459770253e-02,1.968573632999982143e-02,1.474676378426772495e-02,1.023424804606745328e-02,6.224423617865282136e-03,2.801750132125922169e-03,0.000000000000000000e+00
0.000000000000000000e+00,6.971507981230531947e-02,1.375571177634203612e-01,2.001314530204462427e-01,2.550408308592784778e-01,3.009610273500728517e-01,3.374176875073361948e-01,3.645994535528218616e-01,3.831605014395763620e-01,3.940374349985688029e-01,3.983011634825921465e-01,3.970477925187460011e-01,3.913251522335862154e-01,3.820886037673618674e-01,3.701789496871448759e-01,3.563157898984782301e-01,3.411008290599173431e-01,3.250269737432668893e-01,3.084902872197312074e-01,2.918028756085169206e-01,2.752055326688051529e-01,2.588794952773934566e-01,2.429570026465401877e-01,2.275305593156802808e-01,2.126609181553011096e-01,1.983838595870502097e-01,1.847158705424658542e-01,1.716588372794359829e-01,1.592038683328060311e-01,1.473343625257082512e-01,1.360284332255073947e-01,1.252607949248720487e-01,1.150042111695712410e-01,1.052305946609675968e-01,9.591184099746723202e-02,8.702046883442193792e-02,7.853013253471261002e-02,7.041607216345642517e-02,6.265557324625192770e-02,5.522853037670473475e-02,4.811824795141148026e-02,4.131266783964005623e-02,3.480627165135855017e-02,2.860291911859439568e-02,2.271976680166122933e-02,1.719191945617705095e-02,1.207601382596646018e-02,7.450070347542615823e-03,3.406284045998857375e-03,0.000000000000000000e+00
0.000000000000000000e+00,6.193097807983310998e-02,1.227155419397926162e-01,1.796475979940743428e-01,2.306897325279135547e-01,2.745796980086823713e-01,3.106994057356509686e-01,3.389662854092206357e-01,3.597044600329650788e-01,3.735145561046978036e-01,3.811605215239620703e-01,3.834796896153920831e-01,3.813164455304570155e-01,3.754769945332750436e-01,3.667014034317355731e-01,3.556488161926729674e-01,3.428921027599600158e-01,3.289188449392753122e-01,3.141362752439156303e-01,2.988784382789201333e-01,2.834143826797763110e-01,2.679566012128460351e-01,2.526692298444544460e-01,2.376757158247857216e-01,2.230657956940745035e-01,2.089017079843228375e-01,1.952236198327560734e-01,1.820542826402011538e-01,1.694029570938402340e-01,1.572686653541620627e-01,1.456428404807752763e-01,1.345114501488667846e-01,1.238566746113884537e-01,1.136582174522161454e-01,1.038943237710539813e-01,9.454257478668258441e-02,8.558052356639039848e-02,7.698623615754056349e-02,6.873881109049254090e-02,6.081897287724320755e-02,5.320987808612000214e-02,4.589833691961767159e-02,3.887672799653661693e-02,3.214592626600856068e-02,2.571948790610217167e-02,1.962890532337427038e-02,1.392831031001492276e-02,8.695694840488999919e-03,4.028292089386160957e-03,0.000000000000000000e+00
0.000000000000000000e+00,5.527179073777429424e-02,1.098532657608185109e-01,1.615901611222848311e-01,2.087784952677388117e-01,2.502723803077563924e-01,2.854073105315518832e-01,3.139410139825810075e-01,3.359725348970005188e-01,3.518526461101901259e-01,3.621005916800363877e-01,3.673335041744976714e-01,3.682104781295040818e-01,3.653909437482191214e-01,3.595056563969544761e-01,3.511380507783864457e-01,3.408136468798967922e-01,3.289954153807205794e-01,3.160833556320894466e-01,3.024169094188435269e-01,2.882791706717087732e-01,2.739021304655715472e-01,2.594724128289890852e-01,2.451371178532529838e-01,2.310095053769243012e-01,2.171743380312022853e-01,2.036927659257892209e-01,1.906066847397238639e-01,1.779425379578788990e-01,1.657145656015578949e-01,1.539275260260796752e-01,1.425789354682312771e-01,1.316608813567813341e-01,1.211614715230188710e-01,1.110659825086596081e-01,1.013577688715283087e-01,9.201899329840838859e-02,8.303123895048232506e-02,7.437607476408415741e-02,6.603566864868606889e-02,5.799358870529242038e-02,5.023600370939264315e-02,4.275358237440527592e-02,3.554445870691297360e-02,2.861859217226154009e-02,2.200348109187438145e-02,1.574978182633580623e-02,9.933636930767092768e-03,4.654293124675773496e-03,0.000000000000000000e+00
0.000000000000000000e+00,4.953585639584300732e-02,9.866046554083929276e-02,1.456584550528375044e-01,1.891197513794013463e-01,2.280357303972543326e-01,2.617535930220561413e-01,2.899474369730509205e-01,3.125697635352604475e-01,3.297918302020352299e-01,3.419444450478402175e-01,3.494647197234967972e-01,3.528512124432495733e-01,3.526281458682217207e-01,3.493182715432552321e-01,3.434233522668378447e-01,3.354110000568417682e-01,3.257065999455500127e-01,3.146891664206910022e-01,3.026901482709632996e-01,2.899943749185637798e-01,2.768424981357482384e-01,2.634344186733913462e-01,2.499332965725477862e-01,2.364698318268537713e-01,2.231465732063014906e-01,2.100420732026807014e-01,1.972147585412219184e-01,1.847064311733987996e-01,1.725453535011509110e-01,1.607489045279225093e-01,1.493258191790743095e-01,1.382780420750741590e-01,1.276022388358477866e-01,1.172910146140214022e-01,1.073338916401027632e-01,9.771809875688040881e-02,8.842922885994471127e-02,7.945183103741390584e-02,7.077002888119481028e-02,6.236830387807322518e-02,5.423265818693922408e-02,4.635247074597916711e-02,3.872344925142075234e-02,3.135207521611631243e-02,2.426162351523483349e-02,1.749846577696308192e-02,1.113517763838254085e-02,5.269861794766089562e-03,0.000000000000000000e+00
0.000000000000000000e+00,4.456212271272155800e-02,8.887665687253339108e-02,1.315762052865788456e-01,1.715022885120670859e-01,2.077854202129696126e-01,2.398166995966973802e-01,2.672365887051980082e-01,2.899077777847600124e-01,3.078769773366152318e-01,3.213342416738919072e-01,3.305742093937709125e-01,3.359615516228204313e-01,3.379017029125893079e-01,3.368171075683736304e-01,3.331287002305520217e-01,3.272420713536907111e-01,3.195376616585283158e-01,3.103643198793957780e-01,3.000356006690797495e-01,2.888282435034052464e-01,2.769823422023122150e-01,2.647027791093818361e-01,2.521615567087888143e-01,2.395007124396870135e-01,2.268355525574791143e-01,2.142579885739052947e-01,2.018398066439046068e-01,1.896357446413113601e-01,1.776862934173336073e-01,1.660201752069031811e-01,1.546564831346842472e-01,1.436064892970232432e-01,1.328751460134337259e-01,1.224623150875895766e-01,1.123637659889588775e-01,1.025719871090619156e-01,9.307685946737667693e-02,8.386625361245177157e-02,7.492663626424188317e-02,6.624382122440018728e-02,5.780407801539058643e-02,4.959591897159807555e-02,4.161299122545833451e-02,3.385852103688023751e-02,2.635148856414038301e-02,1.913336916053750072e-02,1.227165019430545220e-02,5.860192684235644885e-03,0.000000000000000000e+00
0.000000000000000000e+00,4.022128877779553024e-02,8.028402016879235270e-02,1.190966166609476740e-01,1.557121425381413904e-01,1.893920620556804879e-01,2.195869705589143517e-01,2.459351784320437939e-01,2.682492762603880809e-01,2.864929273603162851e-01,3.007540422604286223e-01,3.112175906752341348e-01,3.181399502965469028e-01,3.218259048966752300e-01,3.226088191422936124e-01,3.208341278157395560e-01,3.168460415493331017e-01,3.109772382661656898e-01,3.035412422915881314e-01,2.948271640884113087e-01,2.850964662273777761e-01,2.745814245398691678e-01,2.634849637078821027e-01,2.519815615513343321e-01,2.402189372647310639e-01,2.283202652552590028e-01,2.163866889454260367e-01,2.044999456779401925e-01,1.927249538296217368e-01,1.811122527372645008e-01,1.697002236877873382e-01,1.585170526654792189e-01,1.475824225097853160e-01,1.369089418012043868e-01,1.265033316842359423e-01,1.163674000213828774e-01,1.064988382345515294e-01,9.689188232692780289e-02,8.753789228240337061e-02,7.842592957227624562e-02,6.954346126617848289e-02,6.087739924805095348e-02,5.241579599873864848e-02,4.415063576090276498e-02,3.608220101496191490e-02,2.822525943513300856e-02,2.061599623098922529e-02,1.331555608783427207e-02,6.410696505583807908e-03,0.000000000000000000e+00
0.000000000000000000e+00,3.640895354763543784e-02,7.270082866941106337e-02,1.080030211878972718e-01,1.415444946027383244e-01,1.727048062006154849e-01,2.009994087446968225e-01,2.260831964684657525e-01,2.477456006440744984e-01,2.658976727344753432e-01,2.805553813509673033e-01,2.918213802729393014e-01,2.998666838455983363e-01,3.049132305816682487e-01,3.072179467937704578e-01,3.070586574621574361e-01,3.047220122556117405e-01,3.004934729582141584e-01,2.946493227645085033e-01,2.874505951829035011e-01,2.791387715494562105e-01,2.699330585778396130e-01,2.600290291194522485e-01,2.495983920677246337e-01,2.387896510197955180e-01,2.277294173387399423e-01,2.165241598066184325e-01,2.052621993758298180e-01,1.940157896584688846e-01,1.828431596511309876e-01,1.717904303222356488e-01,1.608933495081757981e-01,1.501788168293393122e-01,1.396661921963309738e-01,1.293683966360169302e-01,1.192928247910732265e-01,1.094420953784716599e-01,9.981467368027385767e-02,9.040541275310527702e-02,8.120608598721343330e-02,7.220603147266863031e-02,6.339310929177462139e-02,5.475528793043307751e-02,4.628330124773419318e-02,3.797487051084352111e-02,2.984077405419416351e-02,2.191173510076654951e-02,1.424161512347298271e-02,6.907588409899921393e-03,0.000000000000000000e+00
0.000000000000000000e+00,3.304033058514731225e-02,6.597551216109873162e-02,9.810726099244326814e-02,1.288098038559821190e-01,1.575663824127202239e-01,1.839566399421845855e-01,2.076622536295033294e-01,2.284671458185776882e-01,2.462514972737863128e-01,2.609823106737788057e-01,2.727019526885430256e-01,2.815156647725979844e-01,2.875788247112279761e-01,2.910845456222806993e-01,2.922520434150439050e-01,2.913160851057817191e-01,2.885177338465191865e-01,2.840965234667083839e-01,2.782841198026331786e-01,2.712994574210784715e-01,2.633452784293834892e-01,2.546059481781766110e-01,2.452463823732176085e-01,2.354118944741193098e-01,2.252287609881676034e-01,2.148053058157524120e-01,2.042333199953123291e-01,1.935896581100756131e-01,1.829378824589140418e-01,1.723298584180568693e-01,1.618072348348596756e-01,1.514027706008878038e-01,1.411414900869098210e-01,1.310416666852067535e-01,1.211156447337844166e-01,1.113705185515274781e-01,1.018086951491178199e-01,9.242838046229147342e-02,8.322405383854111771e-02,7.418704279771194676e-02,6.530638917369281649e-02,5.657031343517960470e-02,4.796871185526852682e-02,3.949717980407956019e-02,3.116285166833254044e-02,2.299103005715061668e-02,1.502768949039037620e-02,7.338432020596811350e-03,0.000000000000000000e+00
0.000000000000000000e+00,3.004616695336558355e-02,5.998152724907633571e-02,8.924704296963711925e-02,1.173364155663300101e-01,1.438223248896959849e-01,1.683446233165591110e-01,1.906164196173845693e-01,2.104271947767801798e-01,2.276413921645611127e-01,2.421941175696436521e-01,2.540847155862417939e-01,2.633688187056575924e-01,2.701494401058036621e-01,2.745676203299391438e-01,2.767930733060996462e-01,2.770152129027980137e-01,2.754348739778910149e-01,2.722569692391956786e-01,2.676842472146898633e-01,2.619122392621566209e-01,2.551254099586135471e-01,2.474944589581628551e-01,2.391746685754505553e-01,2.303051518264955799e-01,2.210088328371354882e-01,2.113929839561506652e-01,2.015501507860031627e-01,1.915593134870231806e-01,1.814871575942641757e-01,1.713893552919429630e-01,1.613117864255302347e-01,1.512916536851078853e-01,1.413584678487790069e-01,1.315348948776822458e-01,1.218374685483663566e-01,1.122771805478826879e-01,1.028599685410762632e-01,9.358713521157155379e-02,8.445575581068195947e-02,7.545917691775121117e-02,6.658778652804027420e-02,5.783034880310612691e-02,4.917632416567657011e-02,4.061965200100132317e-02,3.216426801475545660e-02,2.383028920534025277e-02,1.565553693902718702e-02,7.692609074327290408e-03,0.000000000000000000e+00
0.000000000000000000e+00,2.736958183187145413e-02,5.461303354859308595e-02,8.128295482291898744e-02,1.069710830140876839e-01,1.313263175088001944e-01,1.540431265781926351e-01,1.748672123345564045e-01,1.936001291471337316e-01,2.101008260975943120e-01,2.242849244345288540e-01,2.361219810884000181e-01,2.456310045191185398e-01,2.528745954353014413e-01,2.579521282295653140e-01,2.609923968113687653e-01,2.621461313745043764e-01,2.615787519840754860e-01,2.594636658624255854e-01,2.559763427469305408e-01,2.512893239818022040e-01,2.455682417305871668e-01,2.389688519162196378e-01,2.316350223083668280e-01,2.236975701135774652e-01,2.152738121949269723e-01,2.064676765997369712e-01,1.973702236443215241e-01,1.880604365851160364e-01,1.786061612379562513e-01,1.690650982025087568e-01,1.594857761128909979e-01,1.499084579871795553e-01,1.403659523350088145e-01,1.308843164723634545e-01,1.214834505431215822e-01,1.121775894316767719e-01,1.029757076031782292e-01,9.388186437743115120e-02,8.489553997639573413e-02,7.601205626662596582e-02,6.722324999776950472e-02,5.851867611734843516e-02,4.988774117513775780e-02,4.132321617000978692e-02,3.282635869041945764e-02,2.441250137715271842e-02,1.611136507819096661e-02,7.961692781763583804e-03,0.000000000000000000e+00
0.000000000000000000e+00,2.496360691277837301e-02,4.978130151530427150e-02,7.409551113294417235e-02,9.757831268485477050e-02,1.199430023058862677e-01,1.409324930480746474e-01,1.603241498160372092e-01,1.779350423804040016e-01,1.936253315133902586e-01,2.072999965465703587e-01,2.189087630833993769e-01,2.284442283640445437e-01,2.359383821606687581e-01,2.414578428912861341e-01,2.450981950592276415e-01,2.469778352921824238e-01,2.472317175141550416e-01,2.460053409821065518e-01,2.434492582866555621e-01,2.397143022847836591e-01,2.349476506003885246e-01,2.292897701524891085e-01,2.228722187494585616e-01,2.158162290369589897e-01,2.082319648765165732e-01,2.002183206317907083e-01,1.918631293095632295e-01,1.832436523171640796e-01,1.744272394072660937e-01,1.654720675980522471e-01,1.564278902586397346e-01,1.473367484154656515e-01,1.382336148602615888e-01,1.291469558312575427e-01,1.200992059608462642e-01,1.111071598940585742e-01,1.021822918677757208e-01,9.333102572628029781e-02,8.455499972991215030e-02,7.585141119196450732e-02,6.721359649015519466e-02,5.863210592309878871e-02,5.009664818710919676e-02,4.159931554184030655e-02,3.313925821697856489e-02,2.472755917201036047e-02,1.638617585442096736e-02,8.139712012566911389e-03,0.000000000000000000e+00
0.000000000000000000e+00,2.278926338568927276e-02,4.541175343812845627e-02,6.758241221560473688e-02,8.903909883908218970e-02,1.095491676115081525e-01,1.288978283876744957e-01,1.468920075240482404e-01,1.633657147353488881e-01,1.781845232381024935e-01,1.912489389667818562e-01,2.024962246845701808e-01,2.119004633260432868e-01,2.194709095440801339e-01,2.252488598578874790e-01,2.293033839430058118e-01,2.317263129317570780e-01,2.326268833257100488e-01,2.321263998017448205e-01,2.303532184781916514e-01,2.274382764337149199e-01,2.235113126677971962e-01,2.186978492259644413e-01,2.131169341168202003e-01,2.068795947395297152e-01,2.000879128335625590e-01,1.928346104072809486e-01,1.852030282985485665e-01,1.772673833271461996e-01,1.690932022666091494e-01,1.607378486941484219e-01,1.522510780977747169e-01,1.436755758406076389e-01,1.350474489223694452e-01,1.263966559333721817e-01,1.177473691480654117e-01,1.091182702338814592e-01,1.005227877964158939e-01,9.196929567794039084e-02,8.346131076305141061e-02,7.499776743709100912e-02,6.657351156355750810e-02,5.818025445468482520e-02,4.980833227372295779e-02,4.144963621055513386e-02,3.310180519894794643e-02,2.477230484987571688e-02,1.647590451726552857e-02,8.223302251512505309e-03,0.000000000000000000e+00
0.000000000000000000e+00,2.081405101043801165e-02,4.144153797074765638e-02,6.165609360780419795e-02,8.124939261707064819e-02,1.000339331329421488e-01,1.178314234852289033e-01,1.344756740843361942e-01,1.498177790947949894e-01,1.637311877995630827e-01,1.761161377063527600e-01,1.869028024873279348e-01,1.960527731971267729e-01,2.035587984680751750e-01,2.094429341149739165e-01,2.137534012321027355e-01,2.165605308431850784e-01,2.179521928980150403e-01,2.180290811827897413e-01,2.169001690504551993e-01,2.146785767164788861e-01,2.114780114057149829e-01,2.074098650689212842e-01,2.025809878383784679e-01,1.970921020069227314e-01,1.910367836518352957e-01,1.845009161838200296e-01,1.775625113940728361e-01,1.702917956354625950e-01,1.627514694071907908e-01,1.549970637782852600e-01,1.470773347320900315e-01,1.390346533593614931e-01,1.309053650263239943e-01,1.227201023848771277e-01,1.145040461331072318e-01,1.062771337508155028e-01,9.805422284447358472e-02,8.984522497641377059e-02,8.165524439860456785e-02,7.348479122274623188e-02,6.533019983904485295e-02,5.718447297648363709e-02,4.903886518871455880e-02,4.088551941333295331e-02,3.272116089152710822e-02,2.455033083704301344e-02,1.638136983400479904e-02,8.211746994356254256e-03,0.000000000000000000e+00
0.000000000000000000e+00,1.901075542322931342e-02,3.781754778278520468e-02,5.624158626773220759e-02,7.411851073091968445e-02,9.129834220838237147e-02,1.076339959313316608e-01,1.229832858115367938e-01,1.372137611993962947e-01,1.502080341887863102e-01,1.618688639368689453e-01,1.721232016064841441e-01,1.809246889549305237e-01,1.882544358235376525e-01,1.941201577997825611e-01,1.985539316143727084e-01,2.016089262180005837e-01,2.033555008507151596e-01,2.038770435639534195e-01,2.032658706877591148e-01,2.016194357126858960e-01,1.990370171288642076e-01,1.956169792763352566e-01,1.914546341406787033e-01,1.866406798321625371e-01,1.812601540486367402e-01,1.753918185789549722e-01,1.691078814716238388e-01,1.624739651004002972e-01,1.555492372805611090e-01,1.483866365839234258e-01,1.410331385516860603e-01,1.335300251452703202e-01,1.259131331318797398e-01,1.182130680643909831e-01,1.104553782071852897e-01,1.026606886825459364e-01,9.484480134479028601e-02,8.701877444654010363e-02,7.918901261740823871e-02,7.135743014556769626e-02,6.352180640150402458e-02,5.567653374276276129e-02,4.781403802097679290e-02,3.992713017448220464e-02,3.201219840220797391e-02,2.407157649016322329e-02,1.610806101766157350e-02,8.106919357412221971e-03,0.000000000000000000e+00
0.000000000000000000e+00,1.735650291248028859e-02,3.449480234189324090e-02,5.127467772724842582e-02,6.756760052876585598e-02,8.325463030137623954e-02,9.821515999279893661e-02,1.123281488998828237e-01,1.254765397646334102e-01,1.375526195165744647e-01,1.484634586456631544e-01,1.581355339342198907e-01,1.665179355799580041e-01,1.735839043537041881e-01,1.793307209119870405e-01,1.837781668510402033e-01,1.869658940780226097e-01,1.889500843629550730e-01,1.897997697195506761e-01,1.895931351255099595e-01,1.884140544037359588e-01,1.863490323793034753e-01,1.834846515041665127e-01,1.799055564494064230e-01,1.756929588831173950e-01,1.709236087189362208e-01,1.656691563691542191e-01,1.599958217995411658e-01,1.539642872261623441e-01,1.476297388689530865e-01,1.410419957323305606e-01,1.342456780167485819e-01,1.272803817234185453e-01,1.201808385034634080e-01,1.129770493491228239e-01,1.056943878963738370e-01,9.835367393877834929e-02,9.097122256410931918e-02,8.355888152528537227e-02,7.612408452649163659e-02,6.866997725484275117e-02,6.119572385798123515e-02,5.369717391283056890e-02,4.616813570123492333e-02,3.860245678287617388e-02,3.099672320626585889e-02,2.335176712369495949e-02,1.566579179146496137e-02,7.913137733445990349e-03,0.000000000000000000e+00
0.000000000000000000e+00,1.583200911705029412e-02,3.143513075095209774e-02,4.670035016648549364e-02,6.152822368724263080e-02,7.582534309891991731e-02,8.949341036849113584e-02,1.024298240393552994e-01,1.145316519775603503e-01,1.257008776764192148e-01,1.358499803701629649e-01,1.449068945684848508e-01,1.528186863970608378e-01,1.595536306596605780e-01,1.651016614482302414e-01,1.694733812289904162e-01,1.726979436491041797e-01,1.748201799667309375e-01,1.758973340384958339e-01,1.759957246473205228e-01,1.751875851449756771e-01,1.735482534113783892e-01,1.711538114956999701e-01,1.680792105945985160e-01,1.643968674875924685e-01,1.601756837654135512e-01,1.554804189152771687e-01,1.503713400224988839e-01,1.449040724046714301e-01,1.391295834600471126e-01,1.330942441763778294e-01,1.268399261087839736e-01,1.204041048458760754e-01,1.138199521308735362e-01,1.071164077450259267e-01,1.003182283581850326e-01,9.344601501394747545e-02,8.651622474463943613e-02,7.954117833570509277e-02,7.252908941320343472e-02,6.548416646007050590e-02,5.840688465036510818e-02,5.129458781593531497e-02,4.414263158412271709e-02,3.694621072480943486e-02,2.970258304157377335e-02,2.241174093514779198e-02,1.506825321349523905e-02,7.636951388390455543e-03,0.000000000000000000e+00
0.000000000000000000e+00,1.442098109313746587e-02,2.860610121437552264e-02,4.247146614413939425e-02,5.594108734035246888e-02,6.894241358597096025e-02,8.139581569236127578e-02,9.321464623217122492e-02,1.043087703263680249e-01,1.145895983509702537e-01,1.239756491559191320e-01,1.323976621878451831e-01,1.398025555624089755e-01,1.461558682963629285e-01,1.514426188651432914e-01,1.556667340772059649e-01,1.588493420454388516e-01,1.610262856200048720e-01,1.622452126871846145e-01,1.625625568860559755e-01,1.620406550286143388e-01,1.607451719788226541e-01,1.587429310841116104e-01,1.561001861916733457e-01,1.528813230877619500e-01,1.491479452308765441e-01,1.449582794643455297e-01,1.403668302742244467e-01,1.354242128919320165e-01,1.301771037151917831e-01,1.246682579685725184e-01,1.189365574243519269e-01,1.130170630961052219e-01,1.069410583674807735e-01,1.007360759230386815e-01,9.442590754380755791e-02,8.803059946791444434e-02,8.156643948790931464e-02,7.504594737205942667e-02,6.847789203741361241e-02,6.186738221322961306e-02,5.521611752236450787e-02,4.852294087954513863e-02,4.178486899328867632e-02,3.499868637298655938e-02,2.816271807104145722e-02,2.127670493708983326e-02,1.433249506839854442e-02,7.286872041676020935e-03,0.000000000000000000e+00
0.000000000000000000e+00,1.310964194101615736e-02,2.598015391224674231e-02,3.854767202349587002e-02,5.075493161923131519e-02,6.254626469739354988e-02,7.385755471123349458e-02,8.461587602357636961e-02,9.474259739693152715e-02,1.041581325125418012e-01,1.127873677515145584e-01,1.205647834468198953e-01,1.274385450097742511e-01,1.333731700553903443e-01,1.383506711801338607e-01,1.423703005953582679e-01,1.454471692624556556e-01,1.476100815506873054e-01,1.488989311390546411e-01,1.493619638847775710e-01,1.490531483149125647e-01,1.480298202442845434e-01,1.463506970491272596e-01,1.440742964833809647e-01,1.412577486268429550e-01,1.379559580205718672e-01,1.342210554551766521e-01,1.301020725450868498e-01,1.256447746956336764e-01,1.208915960990058214e-01,1.158816317445278826e-01,1.106506535338389607e-01,1.052311291881990185e-01,9.965223224280947423e-02,9.393983888249179959e-02,8.811651230273641333e-02,8.220147864783748648e-02,7.621060133699432415e-02,7.015636543602550568e-02,6.404789395085271064e-02,5.789103863790344418e-02,5.168862274359117132e-02,4.544095804178456544e-02,3.914677935403597375e-02,3.280462595567405770e-02,2.641419150426721832e-02,1.997545364200537660e-02,1.347836134041040419e-02,6.873066133335477799e-03,0.000000000000000000e+00
0.000000000000000000e+00,1.188635464080453272e-02,2.353390249457219113e-02,3.489449090264157977e-02,4.592557091297674865e-02,5.658497602981592961e-02,6.682138367627440956e-02,7.657362211732418600e-02,8.577336342589293727e-02,9.434954147031009153e-02,1.022335521577558831e-01,1.093642698959125942e-01,1.156921520569714756e-01,1.211820174680829088e-01,1.258143730556099404e-01,1.295853902282215475e-01,1.325057824922863392e-01,1.345989085580354683e-01,1.358984335675115784e-01,1.364458442290547857e-01,1.362880507978826983e-01,1.354752368381482164e-01,1.340590484682603334e-01,1.320911561851204619e-01,1.296221777531331720e-01,1.267009209592443175e-01,1.233738886743232094e-01,1.196849834803967727e-01,1.156753519600747931e-01,1.113833170415117618e-01,1.068443577119574384e-01,1.020911071885291788e-01,9.715335143629405534e-02,9.205801906833956105e-02,8.682916038286868365e-02,8.148791792237847220e-02,7.605249374914152538e-02,7.053812113356411340e-02,6.495705237620340300e-02,5.931858354971610708e-02,5.362915489609558495e-02,4.789259556121670813e-02,4.211061722168112781e-02,3.628366758311593609e-02,3.041211938342474122e-02,2.449722830300244542e-02,1.853957492426937942e-02,1.252789949122050731e-02,6.407020011349976764e-03,0.000000000000000000e+00
0.000000000000000000e+00,1.074132744158072528e-02,2.124757640178696894e-02,3.148257942468141168e-02,4.141507970491183771e-02,5.101353454892404438e-02,6.023709284306738576e-02,6.903463449225079318e-02,7.734706482230332969e-02,8.511135923521595537e-02,9.226546174122740585e-02,9.875310425073098586e-02,1.045278269310835478e-01,1.095557754777919252e-01,1.138171302132948148e-01,1.173062465620042794e-01,1.200307373998204391e-01,1.220098031092843871e-01,1.232721267861675990e-01,1.238536181156498078e-01,1.237952294443643297e-01,1.231409979720008985e-01,1.219364012208116466e-01,1.202270564373095069e-01,1.180577521236040733e-01,1.154717718437409113e-01,1.125104555911520116e-01,1.092129396302166239e-01,1.056160191675366983e-01,1.017540864382529414e-01,9.765910757762576166e-02,9.336061280969769338e-02,8.888568483616458848e-02,8.425893874089591951e-02,7.950249307023941892e-02,7.463593584638643363e-02,6.967629188444740551e-02,6.463799981788180549e-02,5.953291081233163390e-02,5.437032871173815701e-02,4.915712697473553772e-02,4.389800283693737898e-02,3.859595654737552062e-02,3.325307602729215412e-02,2.787155210732808475e-02,2.245427614073074868e-02,1.700265742160216378e-02,1.150475660842901690e-02,5.901187199493020639e-03,0.000000000000000000e+00
0.000000000000000000e+00,9.666387632642726643e-03,1.910458175317065327e-02,2.828712561493276767e-02,3.719111025926612191e-02,4.579317736669685085e-02,5.406098908533837899e-02,6.195203857799168323e-02,6.941554787036395557e-02,7.639610228168007555e-02,8.283818534817695423e-02,8.869072514200131152e-02,9.391095082686326534e-02,9.846713338595877718e-02,1.023400514055964744e-01,1.055232418101635095e-01,1.080222449267819462e-01,1.098531298468731210e-01,1.110406001000952825e-01,1.116159488376135683e-01,1.116150757951826222e-01,1.110767118359174549e-01,1.100409328902695882e-01,1.085479912909324829e-01,1.066374522166678440e-01,1.043475968333147930e-01,1.017150401329872805e-01,9.877450805332042838e-02,9.555872219886021868e-02,9.209834879607671498e-02,8.842197888615357937e-02,8.455611751174063606e-02,8.052516933010364641e-02,7.635141605547041133e-02,7.205498691095346686e-02,6.765382710243446340e-02,6.316367157151234202e-02,5.859803312513215540e-02,5.396821702819819960e-02,4.928338092387134911e-02,4.455067220492239799e-02,3.977549566320100899e-02,3.496198355499279681e-02,3.011371997119741475e-02,2.523459819262711956e-02,2.032908963354844445e-02,1.539950369316894080e-02,1.043356875513352239e-02,5.368623596838759289e-03,0.000000000000000000e+00
0.000000000000000000e+00,8.654814067841503505e-03,1.709116287868616552e-02,2.528736716374752405e-02,3.322632762425255931e-02,4.089082724831062665e-02,4.825542834806128417e-02,5.528506219281086043e-02,6.193651894803188507e-02,6.816163566044544653e-02,7.391141516192241412e-02,7.914023752550315705e-02,8.380948857622069759e-02,8.789018375033212649e-02,9.136441849819819383e-02,9.422568734062246321e-02,9.647825979362298354e-02,9.813587776516884131e-02,9.922005502932190746e-02,9.975823155509906670e-02,9.978198211849008403e-02,9.932541569776831558e-02,9.842384161096777440e-02,9.711272748516877606e-02,9.542693642431099299e-02,9.340020649718140666e-02,9.106482348688031692e-02,8.845143514772445259e-02,8.558895930080649694e-02,8.250454623081790451e-02,7.922356588409532052e-02,7.576960049915990036e-02,7.216443243748237035e-02,6.842802432791438016e-02,6.457849402170008635e-02,6.063209028491878261e-02,5.660317721629495175e-02,5.250423690384270481e-02,4.834590243471898613e-02,4.413703909979763834e-02,3.988490284287000281e-02,3.559542153056025060e-02,3.127365663823395564e-02,2.692447117714879753e-02,2.255324118175906431e-02,1.816582648294048224e-02,1.376534382848338366e-02,9.339343405849652446e-03,4.822613302078346612e-03,0.000000000000000000e+00
0.000000000000000000e+00,7.701221657711594670e-03,1.519614952964149120e-02,2.246621105241761868e-02,2.949794639192587428e-02,3.627861759962207333e-02,4.278841450164137805e-02,4.899879674714133215e-02,5.487354960259684111e-02,6.037148961022967275e-02,6.545012439595951359e-02,7.006948106338531379e-02,7.419545724067362624e-02,7.780228192626051364e-02,8.087391098502769160e-02,8.340438327693860954e-02,8.539730437100487292e-02,8.686469986060928183e-02,8.782549760985557119e-02,8.830387348067607334e-02,8.832764559136810356e-02,8.792684336193372363e-02,8.713252092818209171e-02,8.597583707125398822e-02,8.448738881102432763e-02,8.269676363821196197e-02,8.063226448512116062e-02,7.832075957200135274e-02,7.578761348659913966e-02,7.305666378768169156e-02,7.015021692959629018e-02,6.708904684417291153e-02,6.389238796933748021e-02,6.057792131613506936e-02,5.716175704928045526e-02,5.365842019050235528e-02,5.008084783722260847e-02,4.644040760712694199e-02,4.274694914519285710e-02,3.900890533889151551e-02,3.523346906745260937e-02,3.142688407021315689e-02,2.759489393946908467e-02,2.374335174312540778e-02,1.987879229965271513e-02,1.600813300444917445e-02,1.213503541334230718e-02,8.246829014211427833e-03,4.276284908564896917e-03,0.000000000000000000e+00
0.000000000000000000e+00,6.801493081224498083e-03,1.341077606034198587e-02,1.980993541842736641e-02,2.598735303908768224e-02,3.193350276882799682e-02,3.763327999982733069e-02,4.306403226902762171e-02,4.819614168457039827e-02,5.299521598808422385e-02,5.742525854374765787e-02,6.145208113080224271e-02,6.504634391562169604e-02,6.818582136532189142e-02,7.085671533029011537e-02,7.305402667858362786e-02,7.478113134811453788e-02,7.604877930179511358e-02,7.687375296328044505e-02,7.727739987907120134e-02,7.728420902295100869e-02,7.692054591472821667e-02,7.621360941932507627e-02,7.519062942576162922e-02,7.387829260370777640e-02,7.230236338926426809e-02,7.048745780759164969e-02,6.845692638060342505e-02,6.623280664770404835e-02,6.383581339456534387e-02,6.128534360094459177e-02,5.859948193725406790e-02,5.579500040572039909e-02,5.288735189940036580e-02,4.989066187225900395e-02,4.681772509058512721e-02,4.368001598451739381e-02,4.048772215659725976e-02,3.724981227948952894e-02,3.397415342712550163e-02,3.066770011921619160e-02,2.733678653781091913e-02,2.398755303402324776e-02,2.062648877203642275e-02,1.726086428943073361e-02,1.389818633351769250e-02,1.054222764122932782e-02,7.179860358175010199e-03,3.742215614253726133e-03,0.000000000000000000e+00
0.000000000000000000e+00,5.952753639234871497e-03,1.172855719749162952e-02,1.730795221962436528e-02,2.267979710968122398e-02,2.783695211187335941e-02,3.276846928684055971e-02,3.745721306841019033e-02,4.187992486335474079e-02,4.600887928675406052e-02,4.981455246001482984e-02,5.326860642003704294e-02,5.634660219093750450e-02,5.903005357112491025e-02,6.130764179759889965e-02,6.317558974811338102e-02,6.463732112655562467e-02,6.570259918884156780e-02,6.638635781314031203e-02,6.670741867659582547e-02,6.668724733129242910e-02,6.634885164524011170e-02,6.571587853391155920e-02,6.481192533058453831e-02,6.366005334215114886e-02,6.228247329433492241e-02,6.070036413370739209e-02,5.893378580810076234e-02,5.700165086394812231e-02,5.492172677950867693e-02,5.271064916792594923e-02,5.038393400584681436e-02,4.795598405968320987e-02,4.544009020833757878e-02,4.284843228743136917e-02,4.019208649603585315e-02,3.748104768607075227e-02,3.472427558708036932e-02,3.192977515872848920e-02,2.910472399442611338e-02,2.625566488034489221e-02,2.338878729246953933e-02,2.051031612589020170e-02,1.762697102535565677e-02,1.474624927731439314e-02,1.187565095507113998e-02,9.018459175226424887e-03,6.160662876625405855e-03,3.232018023731524688e-03,0.000000000000000000e+00
0.000000000000000000e+00,5.153382713944006099e-03,1.014519797474699135e-02,1.495260307160607011e-02,1.956413437355098914e-02,2.397473411221286502e-02,2.817746066200576410e-02,3.216057948074503570e-02,3.590707782030674172e-02,3.939579312915375553e-02,4.260359673028923239e-02,4.550796224367440607e-02,4.808935580981076735e-02,5.033307529452862861e-02,5.223036092463679420e-02,5.377876611454743966e-02,5.498189502791984290e-02,5.584867784625155429e-02,5.639237231887383323e-02,5.662946365146932781e-02,5.657859821662695327e-02,5.625964245536096975e-02,5.569291584209375839e-02,5.489861159158034715e-02,5.389639330913113119e-02,5.270514023245771729e-02,5.134280671312211469e-02,4.982636119456614748e-02,4.817177394612448538e-02,4.639402932115648664e-02,4.450714568924695608e-02,4.252419337061601190e-02,4.045730708750507748e-02,3.831769431833549622e-02,3.611564432995200552e-02,3.386054472546023292e-02,3.156091331076834455e-02,2.922445347879928587e-02,2.685814180080854305e-02,2.446835800810780517e-02,2.206107041741873359e-02,1.964209182539527684e-02,1.721741047859740026e-02,1.479354189748921869e-02,1.237764028886879746e-02,9.976497126194661461e-03,7.592149914164403324e-03,5.209092587997372382e-03,2.755901427798832654e-03,0.000000000000000000e+00
0.000000000000000000e+00,4.403045093188152903e-03,8.658497376519020197e-03,1.273894767870214530e-02,1.663260577863263229e-02,2.033681268037041551e-02,2.384888951085847517e-02,2.716259354301070808e-02,3.026709579829399768e-02,3.314763872629312297e-02,3.578729366892745289e-02,3.816915574616310675e-02,4.027843564752697780e-02,4.210409484014700915e-02,4.363985446258959039e-02,4.488456118939830597e-02,4.584200042991942725e-02,4.652030538622054651e-02,4.693112650113857864e-02,4.708871132171923296e-02,4.700901261627515870e-02,4.670890377990453285e-02,4.620554339269179744e-02,4.551590011508638289e-02,4.465642712397053377e-02,4.364286198961204316e-02,4.249012214175204583e-02,4.121226598033025240e-02,3.982249342451339713e-02,3.833316546323237151e-02,3.675582879033592598e-02,3.510123781916774099e-02,3.337937174342980179e-02,3.159944844941971198e-02,2.976993997939795036e-02,2.789859589792994740e-02,2.599248159849266646e-02,2.405803856328506823e-02,2.210117337560262019e-02,2.012738229732012954e-02,1.814191844087471861e-02,1.615000623959436665e-02,1.415709212498178493e-02,1.216905821586462474e-02,1.019212705775009685e-02,8.231615972001015552e-03,6.287432888818230738e-03,4.341777437516997247e-03,2.322193717177820776e-03,0.000000000000000000e+00
0.000000000000000000e+00,3.702699706322329885e-03,7.268170186399054190e-03,1.066448587064430277e-02,1.388064549895808714e-02,1.691741270113596152e-02,1.977698629723580181e-02,2.245880079034757656e-02,2.495807573228516971e-02,2.726613838219124966e-02,2.937186521337511666e-02,3.126357634983931155e-02,3.293086996451446979e-02,3.436607226768781387e-02,3.556515025282951797e-02,3.652807157688365419e-02,3.725868960902043586e-02,3.776428162080223971e-02,3.805488119507589861e-02,3.814253291449174604e-02,3.804056935951682233e-02,3.776297710083325460e-02,3.732388659362370631e-02,3.673719492073641846e-02,3.601631182570858014e-02,3.517400849699438281e-02,3.422234391463025577e-02,3.317264376710075957e-02,3.203551023659251956e-02,3.082084597476019566e-02,2.953788109758974378e-02,2.819519730731783955e-02,2.680074770270415505e-02,2.536187431247233226e-02,2.388532771541028096e-02,2.237729443368988852e-02,2.084343813293770831e-02,1.928896028048654107e-02,1.771868488783934562e-02,1.613717039339775811e-02,1.454884884435683583e-02,1.295818511927980879e-02,1.136982634671941834e-02,9.788644949617517424e-03,8.219389917192156114e-03,6.665150694133393020e-03,5.122752183002544056e-03,3.571108772657579766e-03,1.936801065632425640e-03,0.000000000000000000e+00
0.000000000000000000e+00,3.054476332292754056e-03,5.975442710590801558e-03,8.728734954129572371e-03,1.130675098128603763e-02,1.371539531862659908e-02,1.596254673115467607e-02,1.805338421587268649e-02,1.998878022326221540e-02,2.176552699268044164e-02,2.337762376441070850e-02,2.481796474024616436e-02,2.607996280257905697e-02,2.715883211805514633e-02,2.805240701306434270e-02,2.876149078822197794e-02,2.928980465857228266e-02,2.964364625407634596e-02,2.983137609152127293e-02,2.986283824193114098e-02,2.974879747182185286e-02,2.950044719633592230e-02,2.912901637870393343e-02,2.864548223542187286e-02,2.806038068180215228e-02,2.738369765533739397e-02,2.662482093042910225e-02,2.579253233503247394e-02,2.489502314025824475e-02,2.393991950644197911e-02,2.293430941770148099e-02,2.188476676412012822e-02,2.079737185707309852e-02,1.967773038762010707e-02,1.853099471153106872e-02,1.736189228129143836e-02,1.617476618338147334e-02,1.497363197975663113e-02,1.376225335840497617e-02,1.254423588605164085e-02,1.132313200479186099e-02,1.010253703280348907e-02,8.886124543029436107e-03,7.677493979959460445e-03,6.479519741847953283e-03,5.292448471832962402e-03,4.109121130589711221e-03,2.903997788839272724e-03,1.602560863896614670e-03,0.000000000000000000e+00
0.000000000000000000e+00,2.461107581654350257e-03,4.782045730940764038e-03,6.932407031096887023e-03,8.912326127026115249e-03,1.073498181037143423e-02,1.241453117269865174e-02,1.396150097919503404e-02,1.538152019286133376e-02,1.667578799672408962e-02,1.784239278951150684e-02,1.887788144116713321e-02,1.977870468075201837e-02,2.054233657117207623e-02,2.116799116328488620e-02,2.165694716071041998e-02,2.201254638481288037e-02,2.223995830694960180e-02,2.234580675323854723e-02,2.233774332953622488e-02,2.222403213502600894e-02,2.201318795267272199e-02,2.171368940950955603e-02,2.133377210795201276e-02,2.088129522192109372e-02,2.036366846417600462e-02,1.978782373024942989e-02,1.916021615317618082e-02,1.848684156043519169e-02,1.777326060320968612e-02,1.702462329611957939e-02,1.624569099920928836e-02,1.544085558625486049e-02,1.461415765453290445e-02,1.376930698352409922e-02,1.290970915184149088e-02,1.203850213579765391e-02,1.115860580972767406e-02,1.027278505187628754e-02,9.383722729941918264e-03,8.494089702340638579e-03,7.606579618403427022e-03,6.723834333163907634e-03,5.848095359705340369e-03,4.980224520730569884e-03,4.117349442468764935e-03,3.247725664129107528e-03,2.340118393861861500e-03,1.318323523600989757e-03,0.000000000000000000e+00
0.000000000000000000e+00,1.924883693450235881e-03,3.689008580579409332e-03,5.277196776185645762e-03,6.703001078455728123e-03,7.988635955561585594e-03,9.154238206682633119e-03,1.021436475300425799e-02,1.117777670495020796e-02,1.204851194861394741e-02,1.282737553909202299e-02,1.351342512881894414e-02,1.410523076625814880e-02,1.460181045059526055e-02,1.500322158595993050e-02,1.531083959300113574e-02,1.552738544113006249e-02,1.565677679384519516e-02,1.570387637983690354e-02,1.567420047016374746e-02,1.557363464394560110e-02,1.540818717375763008e-02,1.518379523964869839e-02,1.490618724062169748e-02,1.458079634773194050e-02,1.421271580566801571e-02,1.380668481532456617e-02,1.336709419818241096e-02,1.289800278423307821e-02,1.240315779547884745e-02,1.188601503280673800e-02,1.134975696334471554e-02,1.079730876971827375e-02,1.023135385915181772e-02,9.654351322428119178e-03,9.068558256607035101e-03,8.476059763195592858e-03,7.878808493504318305e-03,7.278673377798622508e-03,6.677492202417546416e-03,6.077111921079583756e-03,5.479376841773042107e-03,4.885973249812175338e-03,4.297929291454578166e-03,3.714348438177101069e-03,3.129579618529736498e-03,2.527453021848712761e-03,1.870108463426384607e-03,1.078211340434264689e-03,0.000000000000000000e+00
0.000000000000000000e+00,1.441897471440110401e-03,2.690981881820275062e-03,3.762713445336084844e-03,4.688577762887348108e-03,5.499514817716955398e-03,6.219453764561627337e-03,6.864328427015226400e-03,7.443632354944364204e-03,7.962280627384138096e-03,8.422244192001765786e-03,8.823880736645943121e-03,9.166946375100256880e-03,9.451302024754753769e-03,9.677347603646552221e-03,9.846229608783674259e-03,9.959875321586156988e-03,1.002090859652218259e-02,1.003249782612350254e-02,9.998177813755122767e-03,9.921676157268259980e-03,9.806763475689449228e-03,9.657136933998947820e-03,9.476338902668661121e-03,9.267707458145549304e-03,9.034352599933567068e-03,8.779151073181527473e-03,8.504753020297069893e-03,8.213594822235749382e-03,7.907914016706070817e-03,7.589763774804554955e-03,7.261025883545584730e-03,6.923422396827054980e-03,6.578527039872789778e-03,6.227778061138201059e-03,5.872494513764820422e-03,5.513897846647817201e-03,5.153139992897647070e-03,4.791337305376723588e-03,4.429605327295399637e-03,4.069079141997427457e-03,3.710880139847762878e-03,3.355935247958565567e-03,3.004431047455309763e-03,2.654427770079438153e-03,2.298742987653327931e-03,1.918445853396874611e-03,1.469483385404159919e-03,8.672196609251264961e-04,0.000000000000000000e+00
0.000000000000000000e+00,9.910292951093853213e-04,1.761742455035447425e-03,2.371030729282204170e-03,2.866778251825872603e-03,3.283569830888729852e-03,3.643994269857301661e-03,3.961296664093419580e-03,4.242838041747087202e-03,4.492424822204926609e-03,4.711774348061771416e-03,4.901494664008886233e-03,5.061743958706598975e-03,5.192657654242829879e-03,5.294600271773083205e-03,5.368284739401972885e-03,5.414795473947505398e-03,5.435547926828841747e-03,5.432212502484622986e-03,5.406625250337236156e-03,5.360701161117385760e-03,5.296360064313335864e-03,5.215469671819602041e-03,5.119806655248833674e-03,5.011033772993790311e-03,4.890689950993923514e-03,4.760189488303922210e-03,4.620827067686311511e-03,4.473785576615468135e-03,4.320144837034337396e-03,4.160889874887667601e-03,3.996918401652936083e-03,3.829047514486073455e-03,3.658020378677946313e-03,3.484513700324814046e-03,3.309147234321184548e-03,3.132496283032266699e-03,2.955108047132311636e-03,2.777521406890331133e-03,2.600287218823883664e-03,2.423978978912575809e-03,2.249166131502353637e-03,2.076277680727556859e-03,1.905171582054520025e-03,1.733968026151588068e-03,1.556262672002432313e-03,1.354535167452928504e-03,1.083397462612982259e-03,6.537266742248805515e-04,0.000000000000000000e+00
0.000000000000000000e+00,6.335186363057438959e-04,1.028958298266560495e-03,1.303777222488469809e-03,1.510139032580247063e-03,1.675240869833884323e-03,1.813941471035841963e-03,1.933976817561437181e-03,2.039326448058678427e-03,2.131981879863655699e-03,2.212863333215285035e-03,2.282345629591243583e-03,2.340576375904407889e-03,2.387667423181827255e-03,2.423803681257031238e-03,2.449293633533538954e-03,2.464580650259333861e-03,2.470228086157948057e-03,2.466891024740331013e-03,2.455282151853677673e-03,2.436139453091326536e-03,2.410198020977108620e-03,2.378169295344834382e-03,2.340726380010870432e-03,2.298496328017585882e-03,2.252056463536359146e-03,2.201935003088585727e-03,2.148612947382056750e-03,2.092527868193779731e-03,2.034077111015725713e-03,1.973621659582027073e-03,1.911488811819435493e-03,1.847975403513567576e-03,1.783350203729515632e-03,1.717857465043740213e-03,1.651720535651290001e-03,1.585147500569146972e-03,1.518337751797506222e-03,1.451490799497836149e-03,1.384814745416069635e-03,1.318531040159240473e-03,1.252860646228587307e-03,1.187954415065570635e-03,1.123661075029433378e-03,1.058861638178440999e-03,9.897596683471053015e-04,9.052889401105657530e-04,7.735226750731902853e-04,5.190984614412463881e-04,0.000000000000000000e+00
0.000000000000000000e+00,0.000000000000000000e+00,0.000000000000000000e+00,0.000000000000000000e+00,0.000000000000000000e+00,0.000000000000000000e+00,0.000000000000000000e+00,0.000000000000000000e+00,0.000000000000000000e+00,0.000000000000000000e+00,0.000000000000000000e+00,0.000000000000000000e+00,0.000000000000000000e+00,0.000000000000000000e+00,0.000000000000000000e+00,0.000000000000000000e+00,0.000000000000000000e+00,0.000000000000000000e+00,0.000000000000000000e+00,0.000000000000000000e+00,0.000000000000000000e+00,0.000000000000000000e+00,0.000000000000000000e+00,0.000000000000000000e+00,0.000000000000000000e+00,0.000000000000000000e+00,0.000000000000000000e+00,0.000000000000000000e+00,0.000000000000000000e+00,0.000000000000000000e+00,0.000000000000000000e+00,0.000000000000000000e+00,0.000000000000000000e+00,0.000000000000000000e+00,0.000000000000000000e+00,0.000000000000000000e+00,0.000000000000000000e+00,0.000000000000000000e+00,0.000000000000000000e+00,0.000000000000000000e+00,0.000000000000000000e+00,0.000000000000000000e+00,0.000000000000000000e+00,0.000000000000000000e+00,0.000000000000000000e+00,0.000000000000000000e+00,0.000000000000000000e+00,0.000000000000000000e+00,0.000000000000000000e+00,0.000000000000000000e+00
